1 Τάκης Σαραγλάκης 1,19,37 5 19
2 Γιώργος Σακελάριος 1,19,37 4 19
3 Δημήτρης Αναγνωστόπουλος 2,3,7,8,16,20,21,25,26,34,38,39,43,44,51 4 15
4 Γιάννης Παναγιωτόπουλος 2,3,7,8,16,20,21,25,26,34,38,39,43,44,51 5 17
5 Αγγέλα Παπαδημακοπούλου 2,3,7,8,16,20,21,25,26,34,38,39,43,44,51 4 15
6 Κλεομένης Παπαθεοδώρου 2,3,7,8,16,20,21,25,26,34,38,39,43,44,51 3 16
7 Τιμόθεος Μήτρογλου 2,3,7,8,16,20,21,25,26,34,38,39,43,44,51 4 18
8 Θεόφραστος Παπανδρέου 2,3,7,8,16,20,21,25,26,34,38,39,43,44,51 3 16
9 Τάσος Ηλιόπουλος 2,3,7,8,16,20,21,25,26,34,38,39,43,44,51 5 17
10 Αριστοκλής Δημητρίου 12,27,54 4 18
11 Δημοσθένης Ψαλίδας 4,22,40 4 18
12 Ηρακλής Στρατηγός 6,24,42 4 20
13 Τασία Χριστοδούλου 5,23,41 4 20
14 Χαρίκλεια Ποταμίτη 45 4 19
15 Ηλέκτρα Σένσορα 13,14,31,32,49,50 4 18
16 Μένιος Χρυσανθόπουλος 13,14,31,32,49,50 4 20
17 Κλεάνθης Βιολιτζής 10,28,46 4 15
18 Τασία Ξένου 11,29,47 4 18
19 Βρασίδας Δημόπουλος 11,29,47 4 18
20 Τζέσικα Γουόκερ 11,29,47 4 18
21 Ανδρομέδα Ηλιοπούλου 9,15,33,51 4 18
22 Θάλεια Αναγνωστάκη 12,15,30,33,48,51 4 20
23 Βεατρίκη Βερσαλίου 17,35,52 4 20
24 Άγγελα Βούρστ 17,35,52 4 20
25 Ιορδανία Ζωγράφου 18,36,53 4 20